{
  "advancedEditorSelectedIdentifier" : "ProjectBrowser",
  "openSceneRelativePaths" : [
    "Scene.usda"
  ],
  "recentIdentifiers" : {
    "26DBAE76-5DD8-47B6-A085-1B4ADA111097" : [

    ]
  },
  "sceneCameraHistory" : {
    "26DBAE76-5DD8-47B6-A085-1B4ADA111097" : [
      {
        "date" : 725215591.154288,
        "title" : "Untitled",
        "transform" : [
          -0.81540203,
          -1.6196442e-09,
          0.57889515,
          0,
          0.19717494,
          0.94020635,
          0.2777305,
          0,
          -0.5442808,
          0.34060568,
          -0.7666461,
          0,
          -1.5135813,
          2.5211098,
          -1.2844396,
          1
        ]
      },
      {
        "date" : 725212613.472149,
        "title" : "Untitled",
        "transform" : [
          -0.81540203,
          -1.6196442e-09,
          0.57889515,
          0,
          0.19717494,
          0.94020635,
          0.2777305,
          0,
          -0.5442808,
          0.34060568,
          -0.7666461,
          0,
          -1.4286349,
          2.3097708,
          -1.4386413,
          1
        ]
      },
      {
        "date" : 725212610.37892,
        "title" : "Untitled",
        "transform" : [
          -0.81540203,
          -1.6196442e-09,
          0.57889515,
          0,
          0.19717494,
          0.94020635,
          0.2777305,
          0,
          -0.5442808,
          0.34060568,
          -0.7666461,
          0,
          -1.1109126,
          1.8215215,
          -1.8811276,
          1
        ]
      },
      {
        "date" : 725212326.661939,
        "title" : "Untitled",
        "transform" : [
          -0.81540203,
          -1.6196442e-09,
          0.57889515,
          0,
          0.19717494,
          0.94020635,
          0.2777305,
          0,
          -0.5442808,
          0.34060568,
          -0.7666461,
          0,
          -1.1300102,
          2.223532,
          -1.6889639,
          1
        ]
      },
      {
        "date" : 725212324.121218,
        "title" : "Untitled",
        "transform" : [
          -0.999741,
          -1.4975272e-09,
          0.022758685,
          0,
          0.006522491,
          0.9580522,
          0.28651956,
          0,
          -0.021804022,
          0.28659385,
          -0.957804,
          0,
          0.009601895,
          2.1073432,
          -2.052888,
          1
        ]
      },
      {
        "date" : 725212319.237807,
        "title" : "Untitled",
        "transform" : [
          -0.9976551,
          -1.816512e-09,
          0.06844257,
          0,
          0.047329746,
          0.72235245,
          0.6899035,
          0,
          -0.04943967,
          0.6915251,
          -0.72065854,
          0,
          -0.14355727,
          2.4079237,
          -2.2571654,
          1
        ]
      },
      {
        "date" : 725212305.380287,
        "title" : "Untitled",
        "transform" : [
          -0.9976551,
          -1.816512e-09,
          0.06844257,
          0,
          0.047329746,
          0.72235245,
          0.6899035,
          0,
          -0.04943967,
          0.6915251,
          -0.72065854,
          0,
          -0.007666193,
          0.30259126,
          -0.300401,
          1
        ]
      },
      {
        "date" : 725212269.904345,
        "title" : "Untitled",
        "transform" : [
          -0.9976551,
          -1.816512e-09,
          0.06844257,
          0,
          0.047329746,
          0.72235245,
          0.6899035,
          0,
          -0.04943967,
          0.6915251,
          -0.72065854,
          0,
          -0.016860161,
          0.13485722,
          -0.163132,
          1
        ]
      },
      {
        "date" : 725212125.220289,
        "title" : "Untitled",
        "transform" : [
          0.99999994,
          0,
          -0,
          0,
          -0,
          0.8660254,
          -0.49999994,
          0,
          0,
          0.49999994,
          0.8660254,
          0,
          0,
          0.19338726,
          0.3351566,
          1
        ]
      }
    ]
  },
  "selectedSceneRelativePath" : "Scene.usda"
}